11385|0.10887538599462097
10027|0.061292423474925826
11434|0.13896353166986564
10454|0.0665968098730935
11212|0.0890266234680941
10458|0.066155737112284
10003|0.027797576621525304
10036|0.032521780642081395
11215|0.0780121761291236
10019|0.04222236268251059
10462|0.1050270215152442
10014|0.05601006922592826
10024|0.15275071203717583
10459|0.06656819300837026
11378|0.15742085390647692
10002|0.07781009765219198
10012|0.03031115879828326
11236|0.14515357382068703
10453|0.06945099889885166
10475|0.18081251192065612
10028|0.09179514442672337
11211|0.057979822535553664
11238|0.1010704505850137
10456|0.10694452737803786
10472|0.09149634650005295
10039|0.11539359962625555
11368|0.07238381812102976
11235|0.15039853652162552
10001|0.0192822710230316
11360|0.21659799882283695
10460|0.06954540522946728
11249|0.11278735632183907
10013|0.03979133810505884
11412|0.13826530612244897
10010|0.051350154935812305
10034|0.07709880068532267
10016|0.04439785410371832
10473|0.11743475846751805
11224|0.15079286910272827
10035|0.04627165589529137
11230|0.15112321307011573
|0.017954505109933305
11693|0.13762019230769232
11208|0.08506113769271664
11106|0.11194810629838878
11217|0.07499699048994823
10470|0.11426116838487972
10455|0.04772902232486528
11220|0.07438483259378782
10007|0.009218950064020487
11416|0.09409751924721985
11422|0.12001644060830251
11361|0.16053376465830974
11102|0.12161135039270332
10030|0.10320143169616226
10017|0.026582563640459564
10468|0.09307376719491593
11213|0.10290069870844802
10037|0.10488077496274217
10474|0.05309090909090909
10465|0.16644562334217505
10452|0.07710672915377133
11203|0.09986181483187472
11354|0.17692662667281955
11692|0.22610229276895943
10005|0.026027397260273973
10306|0.1439987937273824
11207|0.08946056072492854
10029|0.08910302165120153
10011|0.04526148969889065
11206|0.06536422398140751
10022|0.06177325581395349
11377|0.10060044243126515
11233|0.09672474991932882
10308|0.17141641854529988
11691|0.17458777885548013
10023|0.11206574523720583
10025|0.1247537754432042
11204|0.12387287509238729
11219|0.10317895313784599
10018|0.00996334241940032
11101|0.05209900177765623
11216|0.09025844930417495
10033|0.06491482017592695
10075|0.12178044511127782
11420|0.1054421768707483
11367|0.14582573824279985
10451|0.05718347681857673
11226|0.09950013509862199
11355|0.13696860059439203
11228|0.1705150976909414
11234|0.12797227864738916
11426|0.1562714187799863
11225|0.09462844419704981
10307|0.16037735849056603
11229|0.16831560722235964
11358|0.1601175174439956
10304|0.15994542146755608
10040|0.12498022464799874
11417|0.1127121357668908
11362|0.18387096774193548
11432|0.0952340207067682
11356|0.1459205020920502
10026|0.07061440088963025
10467|0.11884253028263796
10009|0.06530448717948718
11421|0.10615425960763236
11209|0.13525853213103528
10301|0.13554259707011804
10031|0.08212045911726423
10305|0.13654699475594997
11423|0.13986013986013987
11221|0.08657871869815942
11435|0.07380073800738007
11103|0.07839603514305024
11201|0.07262787973447872
11411|0.14758403361344538
11223|0.13243945820221645
11214|0.1607480166225916
10128|0.10912993230972429
10457|0.08044373124956394
10302|0.09963636363636363
10469|0.1930678319594796
10032|0.0687840457944788
11436|0.13721518987341771
11375|0.17978447687900695
11373|0.06734890230035862
10461|0.11444871347071836
11222|0.07286949361877315
11210|0.1039307128580946
10309|0.1274972756992372
11239|0.19190283400809716
11004|0.14591009579955785
11379|0.23976277887602374
11374|0.15299125088673446
10176|0
10021|0.10448548812664908
11005|0.29307282415630553
10038|0.06643986391835101
11427|0.10061869098013676
10471|0.21235916695117787
11418|0.09181437960565625
11232|0.05973659454374412
10310|0.10925539318023661
11428|0.10925373134328359
10466|0.12706701479547433
10044|0.07166123778501629
11433|0.08515167642362959
11413|0.13240326401684654
11104|0.11811750230698247
10312|0.1519982993197279
11040|0.2111984282907662
10463|0.18479865064305293
10282|0.1598173515981735
11370|0.09567799406136589
11231|0.1026762738033968
11369|0.13210227272727273
11205|0.07676167162091274
11694|0.20620972466315174
11429|0.1192873741285825
10004|0.008024966562639322
10065|0.08843678638156528
11218|0.12388955582232893
11372|0.07884450376584994
11365|0.18966712898751734
11237|0.04789494013132484
10314|0.1699921091196032
10303|0.10337698139214335
11415|0.12324766355140188
11419|0.06674414743483315
11364|0.19946808510638298
11105|0.11405237961137708
10178|0
10278|0
11357|0.2328845602979089
11414|0.17871759890859482
11366|0.15557065217391305
10020|0.001440922190201729
10121|0.0013531799729364006
10174|0
10158|0
10280|0.08695652173913043
11697|0.2013888888888889
11363|0.17125984251968504
10464|0.14901477832512317
10041|0.017857142857142856
10115|0
10006|0.03038309114927345
10106|0.0056179775280898875
11251|0
10118|0.007936507936507936
11001|0.16556291390728478
10119|0
11109|0.1118421052631579
10151|0
10168|0
10171|0
10172|0
10152|0
10165|0.006756756756756757
10105|0
11359|0
10169|0.01694915254237288
11695|0.038461538461538464
10122|0
10000|0.013513513513513514
10123|0
10177|0
11430|0.011263073209975865
10153|0
10179|0
10271|0
10103|0
10281|0
10803|0
10069|0.08372093023255814
10167|0
11241|0
10107|0
10154|0
10055|0
10170|0
10162|0.30985915492957744
10279|0
10112|0
10173|0
10110|0
10120|0
10155|0
11242|0
10111|0
11,418|0.11295681063122924
10,013|0.036923076923076927
10,036|0.029190992493744787
11,211|0.05
11,225|0.08067940552016985
10,467|0.12004287245444802
10,035|0.04309586631486367
10,304|0.1714922048997773
10,010|0.0484375
10,018|0.009722222222222222
10,011|0.04743083003952569
11,435|0.06900878293601004
11,203|0.09691011235955056
11,104|0.125
10,025|0.11264822134387352
11,208|0.08061002178649238
11,218|0.12418300653594772
10,023|0.09782608695652174
10,029|0.06832871652816251
10,022|0.037333333333333336
10,308|0.15428571428571428
10,459|0.06756756756756757
11,372|0.0783744557329463
10,017|0.01903367496339678
10,009|0.06691109074243813
10,024|0.1670061099796334
10,456|0.11349957007738606
10,019|0.03217612193056731
10,012|0.03832116788321168
10,001|0.016332590942835932
11,234|0.11567164179104478
10,475|0.16257668711656442
10,016|0.04132231404958678
10,002|0.07848837209302326
10,309|0.10952380952380952
10,460|0.07220216606498195
10,003|0.02372479240806643
10,030|0.07803468208092486
11,215|0.08333333333333333
10,461|0.10485436893203884
10,038|0.07380073800738007
11,213|0.10426540284360189
11,106|0.09202453987730061
11,378|0.16597510373443983
11,207|0.08737024221453288
10,014|0.05823293172690763
11,102|0.10661764705882353
10,021|0.07391304347826087
10,031|0.07920792079207921
11,222|0.061068702290076333
10,007|0.00946372239747634
11,368|0.06242350061199511
11,249|0.10837438423645321
11,432|0.0834403080872914
11,385|0.11591962905718702
11,221|0.08428246013667426
10,028|0.09456264775413711
10,453|0.056338028169014086
10,033|0.06172839506172839
11,236|0.15691489361702127
10,069|0.05263157894736842
11,101|0.05251141552511415
11,206|0.05992949471210341
11,433|0.09859154929577464
10,457|0.06919431279620854
10,452|0.06602475928473177
11,369|0.1626984126984127
11,216|0.06276150627615062
10,454|0.050434782608695654
11,416|0.05421686746987952
11,105|0.13793103448275862
10,455|0.05056179775280899
11,232|0.041044776119402986
11,355|0.14211438474870017
10,312|0.13196480938416422
11,217|0.09706959706959707
10,472|0.08463949843260188
11,691|0.1863799283154122
11,429|0.09554140127388536
11,226|0.11258278145695365
10,466|0.10416666666666667
11,237|0.044585987261146494
11,379|0.20967741935483872
11,231|0.0954356846473029
11,235|0.13531669865642995
11,414|0.15625
11,205|0.056790123456790124
10,040|0.1345646437994723
11,357|0.20987654320987653
11,212|0.0957562568008705
11,210|0.089058524173028
11,219|0.12655601659751037
10,458|0.06939704209328783
10,026|0.09263657957244656
10,301|0.12418300653594772
11,377|0.10227272727272728
10,463|0.18152866242038215
11,434|0.12849162011173185
11,233|0.09232613908872901
11,230|0.11500974658869395
10,034|0.08108108108108109
10,468|0.08322663252240717
11,428|0.06956521739130435
10,128|0.10421836228287841
10,305|0.125
11,214|0.15670650730411687
10,032|0.09557774607703282
11,427|0.14356435643564355
11,354|0.17647058823529413
10,310|0.05759162303664921
10,027|0.061621621621621624
11,423|0.124
10,065|0.06997084548104957
11,374|0.1423611111111111
10,469|0.17525773195876287
11,228|0.16901408450704225
11,413|0.09561752988047809
10,473|0.1111111111111111
11,419|0.05721393034825871
11,229|0.15934065934065933
11,220|0.0748663101604278
11,365|0.18055555555555555
10,004|0.025210084033613446
11,420|0.08832807570977919
11,415|0.07936507936507936
11,223|0.11775362318840579
10,470|0.12195121951219512
11,430|0.010050251256281407
10,314|0.14896988906497624
11,373|0.066167290886392
11,417|0.1676300578034682
10,451|0.0570430733410943
11,239|0.17543859649122806
11,364|0.18181818181818182
11,238|0.10912343470483005
11,422|0.1419753086419753
10,465|0.17096774193548386
10,302|0.08333333333333333
11,692|0.2222222222222222
10,462|0.10806451612903226
10,303|0.09473684210526316
10,037|0.09026128266033254
11,694|0.22660098522167488
11,224|0.13112164296998421
11,201|0.052311435523114354
11,370|0.09345794392523364
11,204|0.11553784860557768
11,001|0.20833333333333334
10,306|0.14675052410901468
11,103|0.09642857142857143
10,154|0
11,360|0.2426470588235294
10,281|0
11,421|0.11016949152542373
11,005|0.2682926829268293
11,426|0.2
11,361|0.15060240963855423
10,471|0.2111111111111111
11,362|0.10434782608695652
11,411|0.1357142857142857
11,693|0.125
11,040|0.2125
10,474|0.05851063829787234
11,209|0.1130298273155416
10,307|0.17647058823529413
11,358|0.13114754098360656
11,375|0.1528046421663443
11,412|0.136986301369863
10,044|0.05
10,039|0.13986013986013987
10,075|0.09803921568627451
11,367|0.15789473684210525
11,004|0.19318181818181818
11,356|0.1297709923664122
11,436|0.11290322580645161
10,119|0
11,366|0.09782608695652174
10,006|0.07547169811320754
10,282|0.21875
11,363|0.16666666666666666
11,359|0
10,005|0
10,280|0.0967741935483871
10,464|0.19047619047619047
10,020|0
10,153|0
11,251|0
10,112|0
11,697|0.2777777777777778
10,162|0.2
10,107|0
10,041|0
10,103|0
10,803|0
10,000|0
10,111|0
11,109|0
83|0
10,129|0
10048|0
10129|0.25
10175|0
10045|0
