10001|0.0192822710230316|71245
10002|0.07781009765219198|30844
10003|0.027797576621525304|89999
10004|0.008024966562639322|110184
10005|0.026027397260273973|115133
10006|0.03038309114927345|111220
10007|0.009218950064020487|145459
10009|0.06530448717948718|56615
10010|0.051350154935812305|93702
10011|0.04526148969889065|92359
10012|0.03031115879828326|81317
10013|0.03979133810505884|69836
10014|0.05601006922592826|98450
10016|0.04439785410371832|96760
10017|0.026582563640459564|102524
10018|0.00996334241940032|84799
10019|0.04222236268251059|84786
10020|0.001440922190201729|113846
10021|0.10448548812664908|113800
10022|0.06177325581395349|93107
10023|0.11206574523720583|108286
10024|0.15275071203717583|110999
10025|0.1247537754432042|65001
10026|0.07061440088963025|31542
10027|0.061292423474925826|38550
10028|0.09179514442672337|105456
10029|0.08910302165120153|32877
10030|0.10320143169616226|28525
10031|0.08212045911726423|31526
10032|0.0687840457944788|29536
10033|0.06491482017592695|36463
10034|0.07709880068532267|37866
10035|0.04627165589529137|23302
10036|0.032521780642081395|62393
10037|0.10488077496274217|40080
10038|0.06643986391835101|55937
10039|0.11539359962625555|28692
10040|0.12498022464799874|37107
10044|0.07166123778501629|102486
10065|0.08843678638156528|108155
10069|0.08372093023255814|54236
10075|0.12178044511127782|112268
10110|0|36906
10128|0.10912993230972429|105187
10162|0.30985915492957744|72258
10165|0.006756756756756757|85565
10170|0|104023
10171|0|104023
10278|0|104405
10280|0.08695652173913043|98938
10301|0.13554259707011804|56776
10302|0.09963636363636363|59919
10303|0.10337698139214335|54758
10304|0.15994542146755608|46260
10305|0.13654699475594997|58938
10306|0.1439987937273824|75212
10307|0.16037735849056603|92781
10308|0.17141641854529988|75668
10309|0.1274972756992372|84917
10310|0.10925539318023661|65263
10312|0.1519982993197279|84524
10314|0.1699921091196032|78414
10451|0.05718347681857673|22970
10452|0.07710672915377133|27673
10453|0.06945099889885166|26324
10454|0.0665968098730935|18024
10455|0.04772902232486528|22829
10456|0.10694452737803786|21955
10457|0.08044373124956394|25474
10458|0.066155737112284|25642
10459|0.06656819300837026|22843
10460|0.06954540522946728|23645
10461|0.11444871347071836|47716
10462|0.1050270215152442|46085
10463|0.18479865064305293|52302
10464|0.14901477832512317|1520
10465|0.16644562334217505|61446
10466|0.12706701479547433|48470
10467|0.11884253028263796|35375
10468|0.09307376719491593|28765
10469|0.1930678319594796|57183
10470|0.11426116838487972|53208
10471|0.21235916695117787|56910
10472|0.09149634650005295|32632
10473|0.11743475846751805|36132
10474|0.05309090909090909|24244
10475|0.18081251192065612|47895
10803|0|137572
11001|0.16556291390728478|96705
11004|0.14591009579955785|75304
11005|0.29307282415630553|57104
11040|0.2111984282907662|98762
11101|0.05209900177765623|39955
11102|0.12161135039270332|48399
11103|0.07839603514305024|52495
11104|0.11811750230698247|50944
11105|0.11405237961137708|54570
11106|0.11194810629838878|44031
11109|0.1118421052631579|117750
11201|0.07262787973447872|92175
11203|0.09986181483187472|47788
11204|0.12387287509238729|42764
11205|0.07676167162091274|42904
11206|0.06536422398140751|26440
11207|0.08946056072492854|34729
11208|0.08506113769271664|33876
11209|0.13525853213103528|56907
11210|0.1039307128580946|55001
11211|0.057979822535553664|37632
11212|0.0890266234680941|27911
11213|0.10290069870844802|35085
11214|0.1607480166225916|35964
11215|0.0780121761291236|81331
11216|0.09025844930417495|37290
11217|0.07499699048994823|72611
11218|0.12388955582232893|48011
11219|0.10317895313784599|34970
11220|0.07438483259378782|37030
11221|0.08657871869815942|34005
11222|0.07286949361877315|54367
11223|0.13243945820221645|39421
11224|0.15079286910272827|34958
11225|0.09462844419704981|39782
11226|0.09950013509862199|38763
11228|0.1705150976909414|55200
11229|0.16831560722235964|49911
11230|0.15112321307011573|47496
11231|0.1026762738033968|73075
11232|0.05973659454374412|34808
11233|0.09672474991932882|35423
11234|0.12797227864738916|67953
11235|0.15039853652162552|44730
11236|0.14515357382068703|59568
11237|0.04789494013132484|35355
11238|0.1010704505850137|61469
11239|0.19190283400809716|24882
11354|0.17692662667281955|50019
11355|0.13696860059439203|38624
11356|0.1459205020920502|67808
11357|0.2328845602979089|74097
11358|0.1601175174439956|66312
11360|0.21659799882283695|72854
11361|0.16053376465830974|70983
11362|0.18387096774193548|74827
11363|0.17125984251968504|92955
11364|0.19946808510638298|65777
11365|0.18966712898751734|61097
11366|0.15557065217391305|76377
11367|0.14582573824279985|53565
11368|0.07238381812102976|43963
11369|0.13210227272727273|54732
11370|0.09567799406136589|37574
11372|0.07884450376584994|48149
11373|0.06734890230035862|44301
11374|0.15299125088673446|49708
11375|0.17978447687900695|69446
11377|0.10060044243126515|49979
11378|0.15742085390647692|59363
11379|0.23976277887602374|61824
11385|0.10887538599462097|47470
11411|0.14758403361344538|69132
11412|0.13826530612244897|67396
11413|0.13240326401684654|77058
11414|0.17871759890859482|70965
11415|0.12324766355140188|55983
11416|0.09409751924721985|46713
11417|0.1127121357668908|56103
11418|0.09181437960565625|57063
11419|0.06674414743483315|49705
11420|0.1054421768707483|55056
11421|0.10615425960763236|55094
11422|0.12001644060830251|68823
11423|0.13986013986013987|64756
11426|0.1562714187799863|74452
11427|0.10061869098013676|57224
11428|0.10925373134328359|71127
11429|0.1192873741285825|72714
11430|0.011263073209975865|50483
11432|0.0952340207067682|50291
11433|0.08515167642362959|41780
11434|0.13896353166986564|51641
11435|0.07380073800738007|44722
11436|0.13721518987341771|62297
11691|0.17458777885548013|35645
11692|0.22610229276895943|42385
11693|0.13762019230769232|54874
11694|0.20620972466315174|75157
11697|0.2013888888888889|82291
